
3.395
3.403
3.393
3.374
3.377
3.391
3.399
3.386
3.378
3.384
3.381
3.373
3.380
3.375
3.373
3.395
3.392
3.366
3.372
3.367
3.382
3.375
3.381
3.374
3.388
3.379
3.395
3.379
3.379
3.380
3.393
3.399
3.403
3.403
3.407
3.375
3.400
3.387
3.395
3.403
3.389
3.407
3.418
3.398
3.402
3.412
3.398
3.396
3.406
3.392
3.403
3.384
3.391
3.421
3.389
3.403
3.400
3.377
3.415
3.395
3.387
3.377
3.385
3.399
3.389
3.394
3.391
3.402
3.403
3.390
3.394
3.445
3.429
3.399
3.390
3.400
3.390
3.407
3.397
3.398
3.392
3.412
3.397
3.405
3.392
3.386
3.387
3.415
3.420
3.419
3.388
3.390
3.371
3.410
3.391
3.388
3.418
3.403
3.399
3.404
3.392
3.388
3.407
3.414
3.416
3.411
3.411
3.400
3.437
3.392
3.401
3.404
3.419
3.411
3.441
3.419
3.420
3.417
3.408
3.419
3.402
3.416
3.374
3.398
3.382
3.387
3.382
3.373
3.383
3.407
3.404
3.415
3.389
3.425
3.382
3.387
3.389
3.382
3.388
3.383
3.398
3.415
3.409
3.402
3.397
3.393
3.399
3.433
3.412
3.406
3.403
3.406
3.361
3.390
3.404
3.396
3.391
3.403
3.399
3.429
3.393
3.399
3.422
3.397
3.375
3.411
3.391
3.392
3.390
3.392
3.392
3.407
3.392
3.406
3.394
3.402
3.391
3.404
3.382
3.405
3.399
3.393
3.408
3.398
3.415
3.401
3.413
3.410
3.428
3.421
3.428
3.396
3.424
3.397
3.406
3.396
3.398
3.398
3.409
3.408
3.391
3.411
3.392
3.385
3.399
3.410
3.415
3.412
3.418
3.407
3.415
3.383
3.415
3.399
3.421
3.400
3.396
3.392
3.412
3.379
3.444
3.418
3.410
3.414
3.425
3.410
3.410
3.399
3.405
3.413
3.408
3.421
3.414
3.409
3.401
3.417
3.394
3.389
3.408
3.410
3.409
3.404
3.399
3.403
3.418
3.405
3.430
3.396
3.396
3.429
3.416
3.414
3.405
3.376
3.419
3.398
3.433
3.395
3.413
3.411
3.420
3.416
3.433
3.392
3.367
3.394
3.392
3.382
3.410
3.403
3.375
3.372
3.395
3.386
3.411
3.407
3.401
3.402
3.393
3.398
3.374
3.402
3.402
3.387
3.404
3.390
3.398
3.402
3.408
3.413
3.412
3.405
3.390
3.414
3.391
3.406
3.403
3.385
3.372
3.406
3.399
3.415
3.362
3.380
3.389
3.375
3.370
3.385
3.371
3.337
3.389
3.360
3.371
3.375
3.370
3.390
3.402
3.392
3.381
3.380
3.363
3.374
3.342
3.361
3.397
3.380
3.387
3.355
3.365
3.364
3.379
3.376
3.348
3.385
3.372
3.376
3.367
3.369
3.363
3.376
3.359
3.374
3.368
3.349
3.358
3.376
3.359
3.375
3.367
3.353
3.384
3.377
3.393
3.354
3.377
3.382
3.388
3.387
3.365
3.356
3.400
3.396
3.382
3.399
3.369
3.369
3.373
3.344
3.365
3.372
3.369
3.360
3.365
3.359
3.377
3.371
3.386
3.397
3.393
3.389
3.403
3.375
3.372
3.394
3.376
3.367
3.387
3.366
3.388
3.358
3.364
3.366
3.381
3.394
3.395
3.401
3.380
3.366
3.364
3.350
3.356
3.366
3.366
3.408
3.372
3.397
3.402
3.345
3.377
3.368
3.378
3.415
3.388
3.388
3.375
3.386
3.373
3.405
3.384
3.377
3.384
3.397
3.396
3.408
3.414
3.414
3.394
3.375
3.404
3.405
3.411
3.400
3.393
3.440
3.377
3.394
3.385
3.400
3.396
3.410
3.422
3.403
3.398
3.398
3.377
3.414
3.428
3.418
3.405
3.394
3.403
3.407
3.397
3.388
3.378
3.370
3.386
3.390
3.382
3.399
3.426
3.398
3.390
3.391
3.394
3.396
3.370
3.400
3.405
3.406
3.383
3.405
3.421
3.388
3.401
3.376
3.417
3.389
3.388
3.389
3.386
3.406
3.385
3.409
3.423
3.424
3.398
3.400
3.390
3.381
3.360
3.388
3.398
3.394
3.376
3.385
3.398
3.395
3.390
3.408
3.399
3.410
3.399
3.387
3.391
3.385
3.380
3.388
3.384
3.407
3.396
3.359
3.385
3.405
3.400
3.383
3.382
3.387
3.376
3.382
3.368
3.395
3.379
3.385
3.396
3.358
3.375
3.387
3.373
3.389
3.377
3.352
3.377
3.384
3.379
3.386
3.374
3.370
3.375
3.366
3.377
3.388
3.342
3.367
3.354
3.373
3.342
3.367
3.329
3.354
3.367
3.360
3.368
3.368
3.360
3.361
3.379
3.360
3.394
3.375
3.390
3.377
3.375
3.351
3.385
3.370
3.384
3.365
3.349
3.376
3.359
3.373
3.363
3.364
3.380
3.356
3.360
3.362
3.373
3.355
3.359
3.363
3.341
3.354
3.362
3.364
3.378
3.359
3.365
3.361
3.381
3.360
3.372
3.366
3.375
3.372
3.368
3.380
3.377
3.361
3.368
3.345
3.378
3.367
3.369
3.343
3.382
3.363
3.380
3.352
3.372
3.344
3.358
3.350
3.353
3.367
3.369
3.344
3.354
3.363
3.334
3.364
3.337
3.350
3.370
3.353
3.355
3.363
3.385
3.346
3.358
3.360
3.348
3.366
3.394
3.374
3.381
3.376
3.374
3.378
3.368
3.369
3.342
3.363
3.356
3.392
3.381
3.400
3.369
3.337
3.365
3.352
3.369
3.374
3.365
3.350
3.373
3.372
3.375
3.366
3.332
3.364
3.350
3.322
3.343
3.333
3.359
3.368
3.374
3.345
3.357
3.347
3.377
3.359
3.340
3.378
3.371
3.372
3.352
3.350
3.364
3.353
3.349
3.354
3.348
3.355
3.337
3.383
3.378
3.362
3.370
3.350
3.368
3.343
3.366
3.377
3.381
3.354
3.369
3.369
3.348
3.375
3.347
3.366
3.366
3.360
3.374
3.334
3.375
3.362
3.361
3.372
3.343
3.369
3.377
3.358
3.373
3.379
3.383
3.346
3.363
3.335
3.343
3.364
3.339
3.365
3.372
3.358
3.391
3.370
3.355
3.338
3.344
3.368
3.359
3.326
3.347
3.341
3.351
3.361
3.363
3.373
3.359
3.366
3.364
3.350
3.374
3.347
3.410
3.370
3.394
3.354
3.377
3.348
3.368
3.367
3.382
3.369
3.368
3.374
3.355
3.366
3.361
3.352
3.375
3.373
3.384
3.359
3.337
3.359
3.352
3.391
3.358
3.388
3.393
3.401
3.371
3.393
3.377
3.359
3.355
3.372
3.381
3.378
3.382
3.358
3.396
3.348
3.385
3.386
3.372
3.390
3.374
3.353
3.373
3.369
3.386
3.374
3.352
3.364
3.361
3.380
3.374
3.372
3.378
3.381
3.382
3.344
3.358
3.363
3.384
3.390
3.381
3.365
3.386
3.377
3.400
3.358
3.364
3.364
3.365
3.379
3.374
3.391
3.372
3.354
3.373
3.376
3.371
3.372
3.369
3.359
3.373
3.374
3.356
3.355
3.384
3.373
3.372
3.383
3.416
3.384
3.376
3.392
3.353
3.364
3.366
3.383
3.377
3.366
3.383
3.379
3.395
3.391
3.383
3.376
3.405
3.403
3.364
3.390
3.385
3.402
3.376
3.369
3.384
3.365
3.378
3.369
3.375
3.381
3.389
3.400
3.391
3.380
3.397
3.388
3.409
3.382
3.393
3.380
3.373
3.355
3.375
3.361
3.385
3.381
3.385
3.397
3.394
3.385
3.384
3.337
3.384
3.366
3.384
3.387
3.379
3.372
3.389
3.354
3.369
3.342
3.368
3.361
3.357
3.373
3.372
3.373
3.334
3.374
3.388
3.392
3.387
3.376
3.369
3.389
3.399
3.377
3.360
3.380
3.394
3.397
3.386
3.410
3.376
3.394
3.369
3.383
3.395
3.394
3.404
3.378
3.391
3.398
3.404
3.399
3.398
3.416
3.374
3.391
3.390
3.405
3.366
3.361
3.380
3.368
3.387
3.371
3.378
3.383
3.391
3.384
3.374
3.371
3.365
3.379
3.381
3.351
3.374
3.372
3.375
3.370
3.375
3.371
3.395
3.360
3.362
3.365
3.348
3.364
3.374
3.363
3.346
3.351
3.360
3.393
3.407
3.386
3.398
3.387
3.378
3.375
3.401
3.384
3.417
3.393
3.371
3.389
3.380
3.378
3.393
3.397
3.390
3.407
3.371
3.365
3.374
3.384
3.375
3.368
3.374
3.408
3.391
3.380
3.392
3.400
3.387
3.385
3.376
3.384
3.372
3.371
3.374
3.365
3.359
3.381
3.393
3.387
3.401
3.376
3.355
3.385
3.413
3.400
3.382
3.382
3.407
3.394
3.381
3.390
3.387
3.390
3.394
3.397
3.386
3.402
3.377
3.413
3.383
3.405
3.409
3.387
3.397
3.404
3.405
3.403
3.396
3.399
3.384
3.398
3.380
3.387
3.402
3.395
3.398
3.408
3.414
3.367
3.394
3.401
3.387
3.402
3.372
3.374
3.364
3.381
3.378
3.348
3.393
3.372
3.372
3.386
3.376
3.386
3.400
3.392
3.355
3.399
3.400
3.385
3.387
3.404
3.381
3.369
3.383
3.384
3.394
3.379
3.378
3.384
3.387
3.373
3.353
3.401
3.391
3.391
3.371
3.368
3.388
3.379
3.391
3.368
3.383
3.360
3.345
3.373
3.387
3.367
3.370
3.374
3.391
3.370
3.378
3.386
3.388
3.367
3.360
3.373
3.376
3.373
3.369
3.405
3.368
3.394
3.391
3.376
3.391
3.399
3.366
3.376
3.385
3.403
3.402
3.374
3.385
3.400
3.395
3.390
3.407
3.372
3.371
3.402
3.394
3.399
3.393
3.399
3.402
3.401
3.405
3.395
3.413
3.402
3.408
3.395
3.382
3.399
3.374
3.389
3.397
3.395
3.366
3.378
3.391
3.384
3.382
3.391
3.354
3.369
3.364
3.371
3.378
3.378
3.362
3.369
3.384
3.391
3.373
3.355
3.382
3.381
3.363
3.384
3.357
3.362
3.361
3.380
3.378
3.384
3.372
3.375
3.379
3.376
3.388
3.384
3.375
3.356
3.375
3.387
3.390
3.366
3.353
3.391
3.359
3.370
3.376
3.395
3.383
3.366
3.362
3.364
3.344
3.353
3.370
3.361
3.369
3.368
3.351
3.370
3.355
3.360
3.367
3.375
3.368
3.372
3.380
3.361
3.379
3.371
3.383
3.370
3.409
3.398
3.364
3.375
3.370
3.365
3.398
3.398
3.395
3.378
3.377
3.389
3.389
3.396
3.381
3.381
3.405
3.389
3.397
3.391
3.376
3.381
3.377
3.395
3.388
3.380
3.408
3.383
3.396
3.382
3.398
3.390
3.385
3.390
3.383
3.391
3.411
3.373
3.382
3.385
3.409
3.407
3.408
3.405
3.377
3.386
3.387
3.402
3.405
3.373
3.383
3.406
3.401
3.379
3.396
3.365
3.354
3.378
3.399
3.396
3.368
3.360
3.380
3.376
3.354
3.407
3.381
3.374
3.392
3.374
3.370
3.385
3.379
3.396
3.373
3.384
3.379
3.394
3.377
3.364
3.362
3.362
3.386
3.385
3.394
3.385
3.379
3.383
3.394
3.387
3.354
3.368
3.386
3.410
3.402
3.427
3.392
3.394
3.382
3.363
3.383
3.413
3.394
3.367
3.360
3.400
3.388
3.379
3.380
3.393
3.384
3.393
3.405
3.390
3.391
3.397
3.400
3.370
3.388
3.395
3.397
3.390
3.438
3.395
3.398
3.416
3.404
3.404
3.406
3.412
3.415
3.399
3.378
3.372
3.419
3.388
3.397
3.400
3.425
3.414
3.421
3.362
3.417
3.422
3.395
3.413
3.386
3.387
3.389
3.402
3.386
3.405
3.404
3.406
3.413
3.396
3.423
3.400
3.402
3.400
3.428
3.402
3.409
3.406
3.395
3.412
3.376
3.392
3.414
3.390
3.381
3.382
3.396
3.370
3.386
3.416
3.409
3.386
3.390
3.400
3.393
3.395
3.394
3.387
3.388
3.402
3.398
3.428
3.401
3.416
3.424
3.423
3.421
3.400
3.381
3.416
3.404
3.418
3.397
3.396
3.419
3.405
3.404
3.385
3.413
3.422
3.383
3.389
3.407
3.403
3.428
3.374
3.422
3.405
3.423
3.395
3.392
3.397
3.401
3.392
3.395
3.408
3.399
3.380
3.420
3.407
3.398
3.386
3.384
3.372
3.390
3.403
3.395
3.398
3.409
3.392
3.385
3.385
3.420
3.413
3.410
3.389
3.400
3.395
3.378
3.391
3.393
3.374
3.388
3.403
3.394
3.408
3.390
3.389
3.406
3.367
3.377
3.394
3.371
3.393
3.397
3.393
3.386
3.433
3.403
3.415
3.422
3.423
3.427
3.385
3.420
3.415
3.414
3.418
3.408
3.417
3.387
3.382
3.398
3.399
3.404
3.394
3.406
3.412
3.415
3.395
3.424
3.394
3.401
3.408
3.400
3.436
3.413
3.408
3.418
3.391
3.388
3.398
3.384
3.412
3.400
3.406
3.410
3.403
3.374
3.402
3.421
3.411
3.419
3.386
3.399
3.420
3.412
3.395
3.394
3.367
3.413
3.393
3.401
3.403
3.390
3.392
3.403
3.402
3.394
3.413
3.405
3.420
3.425
3.405
3.388
3.417
3.406
3.419
3.417
3.406
3.414
3.402
3.411
3.417
3.403
3.414
3.410
3.403
3.390
3.381
3.391
3.395
3.411
3.405
3.425
3.399
3.400
3.392
3.405
3.396
3.413
3.407
3.406
3.407
3.410
3.397
3.412
3.377
3.411
3.403
3.400
3.400
3.393
3.376
3.393
3.390
3.398
3.387
3.412
3.425
3.406
3.417
3.366
3.388
3.407
3.415
3.374
3.392
3.401
3.389
3.384
3.399
3.419
3.426
3.393
3.392
3.412
3.416
3.405
3.408
3.426
3.407
3.415
3.405
3.404
3.417
3.411
3.410
3.410
3.421
3.411
3.417
3.411
3.394
3.425
3.383
3.427
3.418
3.411
3.404
3.429
3.430
3.424
3.389
3.398
3.409
3.388
3.394
3.414
3.404
3.412
3.410
3.393
3.394
3.418
3.407
3.411
3.419
3.405
3.380
3.392
3.406
3.436
3.397
3.392
3.410
3.374
3.407
3.399
3.403
3.396
3.403
3.390
3.370
3.393
3.375
3.389
3.416
3.404
3.372
3.381
3.377
3.381
3.386
3.392
3.375
3.389
3.408
3.405
3.391
3.409
3.380
3.400
3.412
3.414
3.411
3.381
3.387
3.401
3.419
3.395
3.413
3.422
3.391
3.399
3.414
3.408
3.401
3.419
3.403
3.407
3.384
3.410
3.430
3.404
3.407
3.417
3.418
3.401
3.435
3.408
3.392
3.414
3.397
3.412
3.427
3.410
3.426
3.414
3.415
3.429
3.428
3.424
3.420
3.432
3.417
3.441
3.395
3.425
3.417
3.444
3.425
3.443
3.413
3.423
3.407
3.403
3.413
3.394
3.426
3.440
3.432
3.426
3.424
3.424
3.404
3.415
3.428
3.432
3.423
3.400
3.427
3.402
3.434
3.398
3.401
3.428
3.398
3.413
3.415
3.445
3.417
3.432
3.404
3.418
3.423
3.408
3.412
3.418
3.395
3.382
3.399
3.383
3.397
3.435
3.409
3.389
3.400
3.421
3.416
3.425
3.414
3.382
3.387
3.433
3.410
3.395
3.412
3.403
3.420
3.419
3.394
3.414
3.419
3.388
3.410
3.412
3.401
3.419
3.383
3.427
3.389
3.425
3.414
3.399
3.407
3.427
3.439
3.440
3.427
3.397
3.429
3.418
3.411
3.418
3.433
3.413
3.387
3.396
3.406
3.417
3.413
3.417
3.408
3.399
3.410
3.405
3.408
3.380
3.397
3.412
3.390
3.414
3.395
3.373
3.378
3.397
3.381
3.412
3.441
3.393
3.367
3.383
3.415
3.395
3.381
3.393
3.408
3.418
3.393
3.380
3.427
3.375
3.395
3.420
3.387
3.383
3.393
3.421
3.386
3.385
3.402
3.397
3.386
3.409
3.386
3.380
3.392
3.406
3.404
3.393
3.399
3.399
3.387
3.403
3.398
3.409
3.411
3.391
3.417
3.396
3.410
3.409
3.406
3.392
3.379
3.388
3.405
3.405
3.385
3.389
3.391
3.366
3.353
3.394
3.393
3.389
3.418
3.418
3.378
3.398
3.388
3.402
3.399
3.403
3.425
3.385
3.402
3.412
3.390
3.415
3.417
3.416
3.423
3.386
3.388
3.405
3.393
3.412
3.412
3.409
3.389
3.392
3.374
3.409
3.378
3.398
3.408
3.392
3.390
3.401
3.410
3.409
3.406
3.415
3.392
3.398
3.366
3.404
3.381
3.380
3.411
3.407
3.402
3.400
3.386
3.419
3.405
3.422
3.437
3.385
3.379
3.410
3.415
3.408
3.396
3.412
3.405
3.409
3.398
3.392
3.402
3.397
3.416
3.393
3.388
3.416
3.391
3.391
3.396
3.434
3.432
3.424
3.426
3.418
3.420
3.397
3.400
3.426
3.409
3.416
3.398
3.400
3.404
3.413
3.438
3.421
3.383
3.398
3.370
3.381
3.375
3.367
3.380
3.369
3.355
3.400
3.393
3.387
3.378
3.409
3.385
3.383
3.410
3.405
3.404
3.415
3.376
3.382
3.415
3.399
3.410
3.413
3.395
3.395
3.373
3.406
3.393
3.361
3.391
3.368
3.394
3.412
3.385
3.390
3.398
3.424
3.417
3.406
3.416
3.428
3.426
3.416
3.411
3.393
3.389
3.392
3.412
3.405
3.396
3.406
3.427
3.417
3.408
3.423
3.407
3.393
3.394
3.387
3.402
3.397
3.388
3.410
3.396
3.387
3.392
3.394
3.375
3.399
3.405
3.362
3.385
3.385
3.377
3.395
3.385
3.367
3.385
3.373
3.366
3.394
3.369
3.392
3.388
3.365
3.416
3.402
3.415
3.384
3.366
3.380
3.398
3.384
3.395
3.389
3.382
3.399
3.402
3.382
3.415
3.404
3.385
3.398
3.376
3.397
3.378
3.388
3.399
3.392
3.397
3.384
3.383
3.375
3.389
3.392
3.369
3.386
3.384
3.381
3.390
3.378
3.392
3.379
3.397
3.364
3.390
3.387
3.390
3.385
3.368
3.399
3.376
3.395
3.372
3.399
3.389
3.388
3.393
3.356
3.377
3.371
3.370
3.370
3.363
3.381
3.355
3.385
3.390
3.409
3.387
3.376
3.391
3.373
3.390
3.401
3.377
3.385
3.387
3.396
3.401
3.407
3.382
3.411
3.387
3.392
3.373
3.373
3.394
3.372
3.393
3.382
3.375
3.372
3.389
3.388
3.417
3.372
3.363
3.400
3.395
3.401
3.390
3.387
3.371
3.398
3.392
3.388
3.376
3.374
3.403
3.389
3.368
3.388
3.387
3.380
3.372
3.416
3.390
3.377
3.397
3.397
3.407
3.391
3.424
3.391
3.416
3.366
3.378
3.404
3.387
3.376
3.396
3.387
3.393
3.393
3.398
3.400
3.374
3.396
3.388
3.370
3.373
3.370
3.364
3.395
3.393
3.397
3.379
3.374
3.371
3.347
3.373
3.363
3.377
3.380
3.376
3.391
3.416
3.385
3.384
3.363
3.369
3.378
3.390
3.401
3.384
3.408
3.381
3.381
3.392
3.388
3.398
3.400
3.391
3.403
3.394
3.415
3.376
3.409
3.400
3.388
3.421
3.410
3.418
3.403
3.411
3.363
3.403
3.382
3.391
3.400
3.416
3.390
3.393
3.402
3.401
3.403
3.371
3.398
3.380
3.393
3.407
3.397
3.385
3.396
3.405
3.390
3.402
3.399
3.392
3.391
3.374
3.374
3.404
3.379
3.374
3.418
3.394
3.389
3.355
3.376
3.390
3.379
3.400
3.390
3.381
3.401
3.396
3.370
3.367
3.355
3.380
3.358
3.380
3.358
3.351
3.376
3.384
3.385
3.389
3.368
3.386
3.392
3.395
3.373
3.369
3.365
3.371
3.358
3.390
3.382
3.377
3.377
3.397
3.402
3.372
3.412
3.392
3.380
3.409
3.371
3.407
3.419
3.395
3.402
3.407
3.394
3.377
3.390
3.379
3.368
3.367
3.383
3.383
3.415
3.365
3.385
3.377
3.404
3.387
3.382
3.396
3.378
3.366
3.393
3.377
3.367
3.364
3.379
3.415
3.370
3.382
3.383
3.397
3.403
3.382
3.382
3.383
3.360
3.407
3.385
3.369
3.411
3.420
3.363
3.416
3.390
3.382
3.401
3.394
3.381
3.401
3.378
3.375
3.379
3.354
3.371
3.356
3.380
3.376
3.381
3.382
3.378
3.367
3.368
3.387
3.393
3.390
3.384
3.378
3.364
3.358
3.356
3.349
3.361
3.367
3.371
3.361
3.354
3.380
3.363
3.355
3.348
3.396
3.354
3.360
3.364
3.398
3.361
3.381
3.377
3.363
3.376
3.331
3.341
3.376
3.373
3.360
3.386
3.360
3.359
3.346
3.365
3.385
3.348
3.350
3.357
3.356
3.356
3.353
3.380
3.376
3.358
3.366
3.339
3.374
3.370
3.371
3.352
3.361
3.378
3.380
3.380
3.389
3.360
3.384
3.388
3.392
3.366
3.373
3.349
3.372
3.380
3.380
3.369
3.385
3.344
3.358
3.366
3.347
3.348
3.383
3.372
3.391
3.374
3.362
3.391
3.391
3.379
3.364
3.389
3.369
3.374
3.355
3.355
3.370
3.367
3.381
3.378
3.377
3.368
3.379
3.350
3.368
3.363
3.396
3.400
3.399
3.408
3.373
3.391
3.404
3.391
3.381
3.380
3.378
3.378
3.394
3.369
3.362
3.402
3.370
3.416
3.396
3.369
3.393
3.370
3.374
3.382
3.386
3.407
3.381
3.387
3.380
3.366
3.375
3.368
3.349
3.407
3.341
3.354
3.375
3.361
3.390
3.382
3.414
3.403
3.371
3.357
3.367
3.372
3.369
3.390
3.398
3.361
3.363
3.389
3.380
3.357
3.354
3.373
3.386
3.404
3.385
3.405
3.388
3.384
3.393
3.384
3.417
3.401
3.379
3.397
3.412
3.377
3.400
3.393
3.403
3.386
3.393
3.394
3.374
3.391
3.389
3.366
3.394
3.382
3.371
3.382
3.379
3.403
3.387
3.376
3.386
3.373
3.415
3.399
3.386
3.380
3.388
3.390
3.402
3.387
3.376
3.382
3.388
3.370
3.360
3.392
3.396
3.378
3.378
3.375
3.360
3.377
3.368
3.376
3.360
3.373
3.344
3.373
3.364
3.357
3.357
3.365
3.369
3.348
3.378
3.345
3.383
3.370
3.378
3.372
3.381
3.368
3.353
3.409
3.399
3.396
3.409
3.397
3.390
3.406
3.403
3.389
3.396
3.397
3.374
3.393
3.368
3.399
3.397
3.373
3.388
3.401
3.371
3.393
3.378
3.375
3.360
3.368
3.361
3.378
3.369
3.358
3.341
3.343
3.382
3.369
3.379
3.368
3.366
3.373
3.349
3.398
3.387
3.364
3.366
3.375
3.384
3.391
3.382
3.365
3.381
3.373
3.379
3.379
3.375
3.401
3.381
3.386
3.375
3.396
3.382
3.403
3.399
3.375
3.372
3.374
3.389
3.404
3.389
3.370
3.414
3.425
3.395
3.386
3.400
3.370
3.416
3.386
3.412
3.385
3.397
3.362
3.374
3.405
3.375
3.403
3.388
3.389
3.407
3.417
3.399
3.349
3.373
3.388
3.369
3.380
3.386
3.367
3.402
3.381
3.384
3.372
3.377
3.383
3.393
3.416
3.407
3.395
3.402
3.394
3.398
3.375
3.374
3.382
3.377
3.381
3.364
3.371
3.399
3.377
3.396
3.374
3.382
3.400
3.381
3.380
3.377
3.392
3.408
3.369
3.364
3.356
3.361
3.385
3.370
3.396
3.376
3.384
3.388
3.381
3.383
3.415
3.380
3.415
3.429
3.390
3.391
3.401
3.398
3.413
3.389
3.419
3.393
3.406
3.380
3.405
3.407
3.411
3.398
3.389
3.410
3.390
3.392
3.384
3.399
3.385
3.370
3.379
3.381
3.405
3.385
3.388
3.390
3.392
3.375
3.373
3.382
3.386
3.394
3.381
3.373
3.388
3.377
3.368
3.382
3.389
3.358
3.367
3.383
3.367
3.370
3.390
3.355
3.376
3.391
3.363
3.396
3.378
3.371
3.399
3.396
3.409
3.371
3.373
3.384
3.377
3.399
3.380
3.375
3.391
3.365
3.376
3.385
3.377
3.377
3.372
3.369
3.381
3.368
3.361
3.401
3.393
3.396
3.424
3.395
3.396
3.380
3.378
3.384
3.370
3.397
3.424
3.378
3.395
3.420
3.393
3.386
3.383
3.388
3.380
3.378
3.398
3.400
3.388
3.411
3.371
3.386
3.371
3.378
3.357
3.364
3.396
3.398
3.389
3.393
3.384
3.396
3.409
3.395
3.384
3.386
3.403
3.383
3.403
3.426
3.398
3.400
3.420
3.396
3.391
3.397
3.388
3.403
3.392
3.396
3.401
3.377
3.394
3.402
3.402
3.398
3.392
3.410
3.383
3.389
3.394
3.422
3.387
3.385
3.405
3.389
3.415
3.392
3.403
3.405
3.401
3.416
3.393
3.407
3.418
3.413
3.426
3.394
3.390
3.412
3.424
3.407
3.422
3.417
3.394
3.428
3.397
3.397
3.404
3.430
3.398
3.421
3.406
3.400
3.381
3.408
3.397
3.402
3.390
3.407
3.407
3.399
3.390
3.382
3.412
3.400
3.416
3.398
3.379
3.400
3.385
3.397
3.365
3.390
3.376
3.404
3.398
3.379
3.373
3.391
3.412
3.387
3.398
3.406
3.416
3.401
3.407
3.397
3.422
3.394
3.396
3.399
3.376
3.385
3.398
3.379
3.389
3.382
3.391