
3.360
3.382
3.379
3.382
3.382
3.382
3.383
3.374
3.383
3.367
3.403
3.371
3.379
3.366
3.388
3.399
3.388
3.398
3.362
3.379
3.404
3.357
3.362
3.382
3.391
3.376
3.364
3.391
3.359
3.396
3.399
3.370
3.383
3.379
3.381
3.372
3.378
3.365
3.388
3.376
3.351
3.376
3.395
3.397
3.383
3.405
3.409
3.389
3.388
3.355
3.400
3.389
3.386
3.403
3.375
3.398
3.398
3.389
3.378
3.378
3.368
3.389
3.371
3.385
3.383
3.384
3.385
3.363
3.376
3.400
3.364
3.379
3.379
3.368
3.394
3.382
3.348
3.386
3.381
3.357
3.394
3.387
3.377
3.379
3.389
3.369
3.388
3.388
3.372
3.368
3.398
3.406
3.386
3.403
3.373
3.366
3.371
3.361
3.402
3.372
3.363
3.375
3.360
3.370
3.344
3.390
3.376
3.373
3.394
3.391
3.354
3.371
3.371
3.366
3.369
3.373
3.390
3.355
3.338
3.377
3.350
3.356
3.359
3.350
3.365
3.352
3.357
3.356
3.321
3.334
3.370
3.338
3.373
3.362
3.371
3.370
3.369
3.352
3.353
3.393
3.343
3.369
3.339
3.371
3.375
3.354
3.361
3.395
3.374
3.378
3.370
3.372
3.367
3.383
3.364
3.345
3.363
3.356
3.388
3.359
3.362
3.359
3.385
3.349
3.353
3.380
3.354
3.338
3.332
3.358
3.337
3.391
3.361
3.375
3.366
3.373
3.352
3.343
3.325
3.389
3.356
3.357
3.352
3.360
3.361
3.348
3.384
3.387
3.396
3.379
3.353
3.376
3.379
3.374
3.367
3.347
3.374
3.362
3.378
3.378
3.361
3.349
3.398
3.357
3.352
3.353
3.378
3.358
3.376
3.385
3.377
3.354
3.331
3.374
3.381
3.361
3.375
3.358
3.383
3.376
3.378
3.366
3.359
3.405
3.378
3.371
3.367
3.358
3.358
3.365
3.377
3.369
3.375
3.374
3.384
3.377
3.338
3.357
3.367
3.377
3.358
3.377
3.394
3.382
3.401
3.381
3.387
3.371
3.380
3.362
3.364
3.368
3.363
3.337
3.384
3.357
3.377
3.384
3.368
3.387
3.361
3.374
3.356
3.397
3.375
3.385
3.385
3.390
3.383
3.385
3.405
3.370
3.367
3.393
3.399
3.386
3.400
3.395
3.371
3.386
3.384
3.377
3.380
3.375
3.392
3.364
3.375
3.350
3.387
3.387
3.397
3.390
3.387
3.378
3.378
3.340
3.370
3.385
3.380
3.368
3.367
3.379
3.375
3.336
3.334
3.341
3.344
3.344
3.358
3.328
3.365
3.338
3.324
3.361
3.344
3.362
3.366
3.379
3.352
3.346
3.330
3.343
3.335
3.348
3.371
3.367
3.374
3.341
3.362
3.371
3.343
3.352
3.357
3.372
3.347
3.347
3.324
3.320
3.353
3.358
3.345
3.370
3.369
3.358
3.353
3.368
3.352
3.354
3.333
3.352
3.364
3.342
3.362
3.350
3.350
3.352
3.339
3.317
3.334
3.333
3.350
3.379
3.336
3.343
3.379
3.345
3.359
3.333
3.365
3.341
3.357
3.345
3.354
3.327
3.340
3.359
3.351
3.370
3.349
3.368
3.352
3.364
3.332
3.369
3.367
3.402
3.338
3.351
3.358
3.349
3.334
3.349
3.363
3.335
3.353
3.362
3.344
3.350
3.351
3.347
3.353
3.360
3.357
3.375
3.363
3.377
3.399
3.364
3.354
3.383
3.358
3.386
3.389
3.391
3.349
3.370
3.360
3.387
3.349
3.358
3.359
3.371
3.396
3.376
3.401
3.383
3.379
3.400
3.414
3.398
3.372
3.379
3.368
3.402
3.382
3.383
3.386
3.405
3.371
3.391
3.412
3.385
3.384
3.350
3.381
3.360
3.371
3.367
3.357
3.354
3.385
3.388
3.337
3.368
3.349
3.352
3.373
3.376
3.363
3.382
3.359
3.380
3.385
3.371
3.381
3.349
3.369
3.387
3.388
3.375
3.369
3.399
3.378
3.356
3.358
3.387
3.393
3.375
3.380
3.369
3.393
3.377
3.374
3.368
3.392
3.388
3.361
3.373
3.360
3.364
3.346
3.361
3.350
3.353
3.385
3.387
3.394
3.387
3.373
3.380
3.381
3.372
3.372
3.350
3.378
3.363
3.373
3.377
3.386
3.400
3.380
3.381
3.378
3.394
3.371
3.384
3.386
3.365
3.389
3.371
3.374
3.385
3.380
3.385
3.382
3.385
3.386
3.391
3.389
3.386
3.356
3.364
3.379
3.383
3.381
3.356
3.360
3.358
3.378
3.377
3.399
3.379
3.361
3.360
3.394
3.384
3.391
3.361
3.387
3.362
3.360
3.369
3.365
3.345
3.366
3.358
3.369
3.345
3.339
3.346
3.374
3.371
3.344
3.336
3.347
3.359
3.358
3.373
3.333
3.362
3.338
3.352
3.357
3.345
3.377
3.337
3.351
3.333
3.348
3.346
3.346
3.352
3.353
3.347
3.322
3.350
3.367
3.373
3.384
3.352
3.373
3.374
3.393
3.359
3.334
3.369
3.369
3.394
3.367
3.372
3.366
3.374
3.374
3.363
3.384
3.386
3.377
3.389
3.366
3.369
3.383
3.391
3.382
3.363
3.375
3.377
3.375
3.370
3.360
3.348
3.382
3.365
3.381
3.345
3.381
3.362
3.371
3.359
3.384
3.354
3.361
3.357
3.366
3.372
3.380
3.396
3.363
3.364
3.394
3.387
3.366
3.379
3.385
3.366
3.361
3.368
3.352
3.384
3.394
3.375
3.368
3.364
3.330
3.375
3.382
3.349
3.357
3.361
3.352
3.366
3.354
3.395
3.363
3.377
3.373
3.369
3.332
3.373
3.396
3.385
3.375
3.370
3.395
3.391
3.393
3.416
3.386
3.377
3.367
3.362
3.392
3.369
3.350
3.384
3.387
3.365
3.358
3.389
3.410
3.395
3.378
3.374
3.381
3.384
3.394
3.383
3.395
3.369
3.398
3.390
3.358
3.389
3.378
3.387
3.398
3.389
3.396
3.373
3.369
3.400
3.398
3.387
3.384
3.356
3.388
3.367
3.390
3.381
3.383
3.380
3.394
3.372
3.374
3.390
3.383
3.384
3.379
3.395
3.421
3.412
3.400
3.371
3.380
3.387
3.343
3.364
3.349
3.377
3.362
3.385
3.353
3.364
3.408
3.409
3.373
3.373
3.360
3.388
3.405
3.373
3.407
3.387
3.404
3.388
3.384
3.398
3.410
3.387
3.381
3.396
3.390
3.387
3.388
3.406
3.368
3.380
3.386
3.413
3.408
3.405
3.410
3.421
3.412
3.411
3.406
3.385
3.420
3.408
3.428
3.401
3.395
3.391
3.402
3.410
3.372
3.387
3.416
3.389
3.398
3.391
3.396
3.389
3.380
3.388
3.393
3.387
3.404
3.377
3.399
3.403
3.393
3.407
3.394
3.374
3.389
3.402
3.381
3.380
3.389
3.394
3.379
3.359
3.389
3.408
3.368
3.405
3.392
3.382
3.375
3.362
3.363
3.384
3.395
3.384
3.397
3.376
3.397
3.412
3.385
3.377
3.369
3.396
3.389
3.405
3.367
3.383
3.401
3.417
3.400
3.384
3.391
3.399
3.405
3.387
3.364
3.398
3.399
3.392
3.387
3.385
3.404
3.370
3.397
3.386
3.384
3.390
3.423
3.406
3.397
3.392
3.378
3.399
3.397
3.399
3.347
3.382
3.403
3.365
3.367
3.363
3.376
3.422
3.372
3.356
3.395
3.364
3.394
3.385
3.418
3.393
3.382
3.382
3.379
3.377
3.398
3.406
3.407
3.408
3.403
3.388
3.374
3.356
3.384
3.405
3.359
3.387
3.405
3.379
3.411
3.394
3.375
3.391
3.402
3.390
3.378
3.388
3.400
3.372
3.385
3.404
3.416
3.410
3.387
3.388
3.364
3.400
3.410
3.380
3.395
3.407
3.403
3.408
3.378
3.404
3.413
3.410
3.416
3.403
3.407
3.410
3.410
3.403
3.379
3.402
3.431
3.405
3.404
3.408
3.407
3.397
3.400
3.367
3.373
3.397
3.395
3.391
3.402
3.367
3.395
3.385
3.407
3.383
3.376
3.378
3.399
3.403
3.410
3.393
3.393
3.379
3.388
3.421
3.417
3.407
3.401
3.372
3.387
3.400
3.409
3.392
3.399
3.407
3.381
3.389
3.392
3.386
3.408
3.389
3.388
3.377
3.400
3.380
3.373
3.370
3.380
3.383
3.389
3.398
3.404
3.396
3.390
3.406
3.371
3.399
3.382
3.388
3.379
3.409
3.375
3.406
3.386
3.379
3.414
3.383
3.389
3.384
3.398
3.396
3.409
3.389
3.387
3.392
3.391
3.368
3.389
3.376
3.373
3.363
3.393
3.398
3.394
3.366
3.396
3.378
3.383
3.391
3.388
3.399
3.390
3.407
3.406
3.387
3.400
3.389
3.376
3.412
3.378
3.409
3.373
3.382
3.399
3.386
3.388
3.384
3.410
3.367
3.372
3.375
3.356
3.381
3.371
3.385
3.377
3.382
3.341
3.389
3.374
3.366
3.364
3.392
3.384
3.385
3.384
3.369
3.378
3.382
3.393
3.379
3.366
3.411
3.363
3.375
3.385
3.386
3.367
3.363
3.361
3.404
3.388
3.376
3.398
3.398
3.374
3.402
3.396
3.366
3.410
3.366
3.389
3.384
3.358
3.380
3.371
3.380
3.384
3.399
3.389
3.378
3.384
3.359
3.379
3.394
3.390
3.377
3.390
3.376
3.364
3.401
3.381
3.347
3.371
3.388
3.386
3.376
3.405
3.355
3.368
3.398
3.378
3.371
3.383
3.357
3.379
3.411
3.369
3.379
3.390
3.369
3.372
3.371
3.401
3.398
3.399
3.384
3.387
3.377
3.420
3.361
3.398
3.346
3.370
3.375
3.386
3.393
3.387
3.402
3.387
3.400
3.391
3.381
3.375
3.385
3.411
3.374
3.374
3.386
3.375
3.379
3.400
3.378
3.387
3.391
3.390
3.387
3.369
3.405
3.362
3.368
3.378
3.371
3.368
3.391
3.372
3.376
3.367
3.374
3.364
3.402
3.389
3.392
3.357
3.378
3.371
3.377
3.372
3.384
3.414
3.399
3.373
3.377
3.376
3.387
3.387
3.374
3.395
3.362
3.401
3.388
3.391
3.357
3.356
3.405
3.376
3.385
3.395
3.394
3.407
3.398
3.365
3.364
3.382
3.382
3.373
3.400
3.375
3.399
3.378
3.398
3.358
3.396
3.387
3.406
3.369
3.381
3.410
3.384
3.400
3.387
3.390
3.402
3.407
3.405
3.381
3.398
3.379
3.401
3.390
3.400
3.367
3.385
3.390
3.425
3.408
3.426
3.406
3.422
3.411
3.394
3.417
3.397
3.411
3.426
3.399
3.414
3.363
3.384
3.398
3.381
3.403
3.382
3.423
3.421
3.385
3.386
3.393
3.391
3.393
3.391
3.429
3.393
3.388
3.382
3.398
3.405
3.431
3.382
3.404
3.374
3.397
3.400
3.415
3.396
3.387
3.390
3.385
3.369
3.390
3.378
3.385
3.365
3.393
3.372
3.374
3.376
3.380
3.382
3.423
3.395
3.377
3.390
3.370
3.404
3.410
3.406
3.393
3.412
3.369
3.382
3.386
3.386
3.371
3.376
3.363
3.384
3.406
3.368
3.379
3.382
3.400
3.358
3.381
3.386
3.368
3.372
3.388
3.401
3.371
3.385
3.394
3.362
3.375
3.420
3.373
3.374
3.374
3.355
3.370
3.362
3.364
3.385
3.373
3.380
3.379
3.392
3.382
3.386
3.390
3.380
3.372
3.382
3.374
3.391
3.380
3.373
3.362
3.389
3.344
3.363
3.360
3.355
3.352
3.379
3.338
3.368
3.358
3.385
3.362
3.374
3.389
3.390
3.375
3.366
3.373
3.377
3.368
3.369
3.347
3.354
3.359
3.398
3.360
3.381
3.373
3.389
3.381
3.367
3.366
3.390
3.393
3.374
3.360
3.378
3.391
3.380
3.380
3.356
3.355
3.362
3.361
3.379
3.380
3.389
3.399
3.404
3.391
3.385
3.390
3.404
3.402
3.351
3.395
3.401
3.379
3.399
3.377
3.392
3.379
3.411
3.394
3.365
3.380
3.369
3.370
3.370
3.375
3.355
3.377
3.392
3.377
3.378
3.376
3.400
3.386
3.374
3.365
3.386
3.360
3.376
3.350
3.396
3.387
3.354
3.410
3.394
3.417
3.385
3.372
3.358
3.389
3.410
3.360
3.381
3.379
3.392
3.435
3.404
3.351
3.382
3.405
3.377
3.386
3.353
3.374
3.360
3.390
3.382
3.371
3.363
3.397
3.386
3.390
3.356
3.395
3.363
3.395
3.428
3.379
3.398
3.354
3.388
3.409
3.377
3.390
3.384
3.377
3.379
3.372
3.372
3.375
3.362
3.384
3.384
3.388
3.401
3.390
3.410
3.395
3.397
3.392
3.404
3.427
3.367
3.370
3.374
3.364
3.357
3.392
3.395
3.370
3.399
3.393
3.411
3.379
3.406
3.394
3.404
3.370
3.379
3.393
3.380
3.382
3.386
3.397
3.388
3.390
3.378
3.385
3.351
3.424
3.396
3.423
3.404
3.387
3.425
3.374
3.431
3.417
3.406
3.410
3.429
3.419
3.423
3.416
3.402
3.400
3.399
3.409
3.429
3.413
3.386
3.397
3.410
3.411
3.385
3.414
3.414
3.410
3.409
3.400
3.419
3.417
3.424
3.404
3.418
3.437
3.383
3.430
3.379
3.414
3.415
3.393
3.448
3.408
3.393
3.412
3.408
3.404
3.379
3.414
3.411
3.428
3.411
3.399
3.400
3.376
3.406
3.413
3.419
3.402
3.380
3.409
3.397
3.394
3.401
3.401
3.422
3.390
3.414
3.393
3.390
3.405
3.399
3.400
3.396
3.406
3.416
3.404
3.401
3.389
3.385
3.394
3.415
3.387
3.373
3.410
3.390
3.349
3.406
3.401
3.414
3.394
3.421
3.381
3.396
3.401
3.412
3.407
3.392
3.398
3.389
3.389
3.401
3.400
3.412
3.431
3.430
3.416
3.424
3.420
3.409
3.427
3.423
3.416
3.427
3.440
3.396
3.426
3.453
3.433
3.417
3.427
3.413
3.423
3.424
3.411
3.398
3.396
3.391
3.381
3.413
3.425
3.430
3.393
3.405
3.416
3.420
3.407
3.394
3.412
3.381
3.403
3.393
3.406
3.385
3.421
3.396
3.403
3.377
3.393
3.422
3.383
3.384
3.397
3.391
3.393
3.366
3.391
3.393
3.394
3.395
3.379
3.393
3.375
3.385
3.410
3.359
3.388
3.402
3.379
3.417
3.396
3.395
3.369
3.386
3.417
3.378
3.399
3.380
3.399
3.389
3.375
3.395
3.417
3.396
3.371
3.385
3.386
3.407
3.416
3.421
3.383
3.395
3.413
3.382
3.372
3.383
3.370
3.350
3.377
3.385
3.386
3.374
3.398
3.406
3.396
3.355
3.389
3.381
3.389
3.395
3.404
3.417
3.413
3.390
3.407
3.413
3.407
3.401
3.416
3.424
3.439
3.415
3.437
3.397
3.355
3.403
3.386
3.401
3.406
3.388
3.386
3.378
3.383
3.393
3.373
3.426
3.394
3.407
3.392
3.434
3.425
3.406
3.394
3.384
3.398
3.407
3.393
3.389
3.384
3.394
3.393
3.380
3.388
3.383
3.379
3.395
3.389
3.362
3.373
3.371
3.381
3.405
3.376
3.375
3.417
3.389
3.402
3.416
3.395
3.382
3.411
3.379
3.378
3.406
3.375
3.388
3.408
3.395
3.411
3.429
3.383
3.425
3.420
3.409
3.391
3.395
3.387
3.394
3.410
3.412
3.374
3.404
3.419
3.391
3.406
3.392
3.384
3.390
3.421
3.394
3.377
3.413
3.386
3.369
3.398
3.360
3.391
3.371
3.399
3.397
3.393
3.370
3.389
3.384
3.391
3.380
3.379
3.352
3.385
3.361
3.382
3.364
3.389
3.348
3.371
3.375
3.364
3.345
3.376
3.401
3.391
3.350
3.374
3.384
3.359
3.394
3.400
3.398
3.375
3.419
3.368
3.385
3.406
3.390
3.385
3.399
3.351
3.401
3.372
3.369
3.370
3.387
3.379
3.375
3.389
3.367
3.407
3.378
3.353
3.381
3.368
3.397
3.365
3.386
3.374
3.372
3.390
3.396
3.393
3.395
3.408
3.378
3.384
3.383
3.394
3.356
3.393
3.352
3.353
3.348
3.363
3.369
3.381
3.355
3.352
3.388
3.393
3.374
3.383
3.389
3.403
3.410
3.397
3.398
3.389
3.372
3.379
3.409
3.398
3.391
3.369
3.390
3.408
3.409
3.412
3.382
3.388
3.378
3.374
3.396
3.397
3.378
3.380
3.386
3.373
3.391
3.390
3.391
3.406
3.383
3.378
3.371
3.400
3.375
3.392
3.395
3.416
3.387
3.378
3.410
3.391
3.376
3.408
3.402
3.395
3.401
3.357
3.377
3.362
3.404
3.412
3.383
3.356
3.392
3.366
3.379
3.376
3.384
3.373
3.388
3.388
3.405
3.409
3.389
3.400
3.385
3.396
3.415
3.403
3.382
3.414
3.390
3.374
3.380
3.380
3.363
3.383
3.380
3.380
3.414
3.383
3.401
3.378
3.350
3.354
3.360
3.376
3.385
3.402
3.371
3.342
3.343
3.367
3.377
3.378
3.390
3.396
3.383
3.389
3.394
3.407
3.410
3.366
3.408
3.377
3.407
3.387
3.396
3.393
3.379
3.390
3.402
3.388
3.403
3.384
3.383
3.401
3.408
3.413
3.404
3.399
3.372
3.397
3.399
3.384
3.375
3.404
3.401
3.408
3.376
3.397
3.402
3.416
3.439
3.400
3.415
3.402
3.443
3.410
3.407
3.424
3.408
3.405
3.397
3.404
3.413
3.424
3.385
3.415
3.401
3.385
3.419
3.424
3.396
3.386
3.397
3.359
3.408
3.376
3.370
3.394
3.394
3.365
3.390
3.389
3.384
3.411
3.351
3.384
3.405
3.374
3.391
3.414
3.410
3.398
3.404
3.383
3.408
3.411
3.378
3.391
3.403
3.410
3.399
3.399
3.390
3.370
3.397
3.426
3.393
3.401
3.394
3.391
3.388
3.396
3.399
3.386
3.406
3.397
3.417
3.401
3.402
3.436
3.395
3.405
3.385
3.390
3.405
3.415
3.425
3.393
3.410
3.398
3.368
3.382
3.367
3.409
3.392
3.358
3.398
3.404
3.405
3.400
3.407
3.405
3.388
3.390
3.388
3.402
3.389
3.378
3.392
3.388
3.381
3.396
3.390
3.384
3.393
3.394
3.393
3.389
3.401
3.388
3.382
3.388
3.372
3.391
3.391
3.389
3.382
3.410
3.368
3.389
3.374
3.359
3.370
3.360
3.393
3.391
3.381
3.412
3.410
3.400
3.402
3.383
3.396
3.407
3.378
3.407
3.411
3.441
3.397
3.413
3.406
3.424
3.410
3.418
3.392
3.403
3.427
3.395
3.407
3.412
3.424
3.388
3.399
3.415
3.384
3.433
3.410
3.397
3.414
3.403
3.414
3.419
3.423
3.390
3.356
3.374
3.397
3.395
3.403
3.399
3.393
3.414
3.425
3.373
3.394
3.371
3.389
3.400
3.417
3.400
3.405
3.374
3.383
3.379
3.408
3.364
3.389
3.387
3.391
3.406
3.412
3.395
3.431
3.375
3.380
3.414
3.407
3.421
3.401
3.406
3.407
3.374
3.399
3.402
3.406
3.408
3.407
3.411
3.406
3.409
3.419
3.403
3.425
3.390
3.444
3.396
3.409
3.398
3.403
3.387
3.386
3.384
3.392
3.402
3.437
3.404
3.411
3.416
3.374
3.391
3.377
3.408
3.392
3.414
3.380
3.394
3.390
3.434
3.396
3.413
3.395
3.406
3.393
3.415
3.398
3.388
3.417
3.417
3.394
3.416
3.413
3.400
3.401
3.406
3.398
3.372
3.404
3.395
3.380
3.423
3.407
3.406
3.402
3.388
3.406
3.384
3.394
3.372
3.374
3.370
3.392
3.372
3.400
3.394
3.384
3.397
3.371
3.423
3.392
3.393
3.398
3.382
3.387
3.369
3.405
3.414
3.404
3.388
3.404
3.410
3.440
3.398
3.387
3.417
3.393
3.395
3.389
3.399
3.390
3.398
3.393
3.409
3.376
3.400
3.376
3.410
3.394
3.407
3.408
3.394
3.399
3.404
3.383
3.389
3.373
3.384
3.395
3.392
3.375
3.390
3.378
3.389
3.393
3.399
3.389
3.400
3.393
3.396
3.365
3.387
3.381
3.397
3.395
3.376
3.389
3.368
3.418
3.369
3.375
3.383
3.386
3.397
3.384
3.395
3.404
3.398
3.377
3.373
3.364
3.368
3.363
3.367
3.367
3.365
3.375
3.359
3.404
3.363
3.388
3.385
3.397
3.392
3.372
3.384
3.388
3.355
3.387
3.379
3.384
3.373
3.363
3.371
3.390
3.370
3.379
3.375
3.380
3.382
3.375
3.364
3.387
3.395
3.389
3.413
3.352
3.354
3.388
3.375
3.373
3.388
3.370
3.383
3.373
3.400
3.409
3.398
3.416
3.396
3.416
3.374
3.389
3.409
3.382
3.380
3.371
3.375
3.393
3.369
3.393
3.409
3.357
3.388
3.392
3.381
3.380
3.397
3.393
3.383
3.400
3.404
3.410
3.397
3.365
3.382
3.378
3.365
3.392
3.392
3.394
3.376
3.374
3.376
3.386
3.391
3.390
3.378
3.407
3.410
3.383
3.392
3.385
3.394
3.384
3.392
3.392
3.415
3.365
3.386
3.386
3.408
3.389
3.392
3.383
3.385
3.402
3.399
3.403
3.392
3.410
3.396
3.394
3.371
3.374
3.382
3.393
3.378
3.399
3.401
3.389
3.387
3.381
3.381
3.386
3.421
3.389
3.418
3.386
3.373
3.403
3.383
3.376
3.388
3.373
3.357
3.393
3.382
3.386
3.376
3.382
3.367
3.335
3.374
3.382
3.400
3.408
3.413
3.414
3.398
3.388
3.421
3.408
3.423
3.401
3.388
3.385
3.405
3.406
3.393
3.381
3.401
3.392
3.396
3.396
3.419
3.395
3.383
3.402
3.392
3.392
3.387
3.396
3.391
3.400
3.383
3.381
3.395
3.391
3.369
3.402
3.383
3.417
3.361
3.405
3.372
3.388
3.384
3.418
3.339
3.401
3.378
3.379
3.378
3.381
3.393
3.369
3.381
3.385
3.388
3.415
3.383
3.397
3.387
3.401
3.384
3.387
3.378
3.387
3.394
3.394
3.387
3.392
3.387
3.365
3.352
3.362
3.403
3.373
3.383
3.362
3.390
3.399
3.368
3.378
3.387
3.356
3.397
3.357
3.387
3.369
3.367
3.387
3.367
3.390
3.398
3.381
3.395
3.391
3.377
3.364
3.373
3.372
3.394
3.380
3.365
3.349
3.355
3.379
3.391
3.366
3.387
3.381
3.410
3.355
3.385
3.387
3.374
3.396
3.385
3.371
3.414
3.391
3.377
3.358
3.379
3.382
3.371
3.351
3.352
3.354
3.372
3.347
3.384
3.353
3.356
3.392
3.336
3.348
3.383
3.339
3.353
3.382
3.370
3.389
3.359
3.369
3.355
3.387
3.360
3.374
3.385
3.364
3.363
3.358
3.354
3.350
3.369
3.355
3.386
3.390
3.360
3.360
3.394
3.397
3.384
3.348
3.357
3.365
3.369
3.381
3.362
3.376
3.378
3.384
3.380
3.380
3.401
3.386
3.367
3.390
3.397
3.377
3.400
3.379
3.361
3.409
3.391
3.402
3.360
3.375
3.385
3.371
3.382
3.381
3.403
3.401
3.399
3.401
3.381
3.363
3.374
3.396
3.419
3.420
3.391
3.410
3.391
3.395
3.357
3.379
3.410
3.392
3.377
3.365
3.368
3.364
3.395
3.372
3.371
3.364
3.370
3.366
3.372
3.357
3.384
3.399
3.378
3.359
3.370
3.387
3.360
3.389
3.380
3.359
3.354
3.344
3.368
3.387
3.390
3.392
3.364
3.380
3.373
3.392
3.381
3.361
3.394
3.355
3.369
3.348
3.354
3.358
3.380
3.373
3.376
3.365
3.347
3.360
3.360
3.365
3.382
3.348
3.379
3.368
3.359
3.363
3.392
3.353
3.397
3.385
3.378
3.387
3.397
3.372
3.374
3.368
3.374
3.372
3.369
3.368
3.348
3.360
3.369
3.330
3.368
3.360
3.345
3.347
3.349
3.375
3.373
3.379
3.363
3.388
3.318
3.340
3.370
3.393
3.386
3.351
3.369
3.375
3.376
3.368
3.368
3.363
3.372
3.379
3.372
3.371
3.380
3.377
3.362
3.355
3.353
3.352
3.355
3.368
3.368
3.334
3.375
3.396
3.335
3.366
3.340
3.355
3.357
3.341
3.354
3.337
3.359
3.370
3.310
3.367
3.363
3.345
3.348
3.359
3.359
3.362
3.366
3.372
3.343
3.368
3.342
3.360
3.368
3.384
3.362
3.392
3.386
3.389
3.380
3.360
3.389
3.371
3.391
3.394
3.398
3.392
3.382
3.410
3.401
3.396
3.376
3.406
3.394
3.368
3.396
3.345
3.384
3.392
3.372
3.376
3.369
3.401
3.413
3.411
3.425
3.385
3.423
3.400
3.390
3.385
3.396
3.375
3.411
3.387
3.381
3.402
3.400
3.378
3.395
3.394
3.390
3.381
3.370
3.380
3.417
3.392
3.416
3.381
3.381
3.365
3.396
3.392
3.362
3.365
3.414
3.375
3.389
3.381
3.359
3.363
3.400
3.413
3.391
3.387
3.393
3.404
3.376
3.365
3.381
3.402
3.404
3.372
3.400
3.368
3.372
3.395
3.393
3.403
3.380
3.375
3.388
3.371
3.370
3.384
3.369
3.371
3.353
3.361
3.406
3.375
3.405
3.408
3.376
3.418
3.385
3.387
3.396
3.397
3.394
3.389
3.399
3.384
3.376
3.370
3.376
3.389
3.388