
1.388
1.406
1.427
1.414
1.401
1.403
1.375
1.392
1.382
1.363
1.404
1.423
1.383
1.419
1.378
1.401
1.436
1.411
1.392
1.413
1.414
1.429
1.416
1.396
1.421
1.412
1.396
1.442
1.430
1.394
1.467
1.418
1.460
1.388
1.374
1.406
1.424
1.424
1.443
1.451
1.473
1.466
1.452
1.398
1.430
1.410
1.439
1.422
1.425
1.404
1.407
1.401
1.402
1.348
1.399
1.373
1.426
1.437
1.427
1.414
1.391
1.420
1.429
1.371
1.419
1.431
1.464
1.414
1.405
1.397
1.419
1.432
1.410
1.442
1.405
1.457
1.441
1.423
1.365
1.391
1.416
1.424
1.420
1.433
1.399
1.420
1.418
1.416
1.451
1.398
1.423
1.426
1.439
1.377
1.394
1.436
1.433
1.422
1.399
1.398
1.418
1.439
1.423
1.446
1.448
1.438
1.438
1.464
1.458
1.430
1.427
1.376
1.416
1.386
1.426
1.430
1.413
1.396
1.407
1.423
1.401
1.402
1.387
1.423
1.388
1.400
1.406
1.418
1.409
1.362
1.433
1.406
1.430
1.404
1.404
1.407
1.413
1.401
1.362
1.383
1.379
1.354
1.394
1.409
1.399
1.408
1.387
1.359
1.397
1.420
1.429
1.403
1.440
1.468
1.403
1.421
1.395
1.412
1.400
1.425
1.413
1.410
1.413
1.450
1.428
1.377
1.423
1.394
1.412
1.370
1.382
1.409
1.425
1.361
1.388
1.384
1.416
1.421
1.400
1.398
1.442
1.404
1.406
1.409
1.420
1.462
1.386
1.411
1.393
1.407
1.435
1.403
1.394
1.378
1.400
1.396
1.411
1.403
1.392
1.366
1.395
1.402
1.432
1.393
1.375
1.410
1.448
1.393
1.421
1.450
1.430
1.426
1.421
1.396
1.434
1.415
1.462
1.425
1.389
1.394
1.411
1.441
1.402
1.433
1.435
1.406
1.416
1.402
1.391
1.422
1.413
1.433
1.442
1.370
1.424
1.414
1.416
1.412
1.418
1.441
1.399
1.389
1.416
1.440
1.430
1.404
1.385
1.407
1.456
1.378
1.406
1.404
1.419
1.407
1.437
1.386
1.410
1.357
1.367
1.385
1.392
1.400
1.377
1.387
1.383
1.347
1.369
1.377
1.391
1.412
1.402
1.409
1.380
1.397
1.375
1.370
1.352
1.392
1.372
1.391
1.382
1.380
1.355
1.404
1.405
1.398
1.383
1.392
1.355
1.360
1.385
1.382
1.367
1.357
1.374
1.328
1.338
1.340
1.360
1.330
1.362
1.376
1.384
1.335
1.318
1.356
1.364
1.371
1.394
1.395
1.354
1.381
1.378
1.362
1.401
1.366
1.390
1.336
1.344
1.358
1.341
1.408
1.348
1.348
1.379
1.371
1.360
1.363
1.351
1.372
1.348
1.374
1.355
1.389
1.353
1.353
1.377
1.384
1.359
1.374
1.404
1.377
1.359
1.369
1.404
1.370
1.342
1.376
1.384
1.380
1.391
1.414
1.379
1.396
1.391
1.376
1.359
1.385
1.376
1.352
1.389
1.362
1.326
1.366
1.310
1.357
1.414
1.360
1.351
1.347
1.353
1.357
1.359
1.392
1.376
1.316
1.378
1.379
1.403
1.369
1.390
1.376
1.371
1.361
1.375
1.396
1.366
1.398
1.378
1.376
1.424
1.410
1.337
1.376
1.344
1.337
1.366
1.345
1.356
1.355
1.386
1.380
1.366
1.396
1.430
1.385
1.372
1.392
1.385
1.358
1.366
1.392
1.414
1.390
1.398
1.392
1.428
1.367
1.423
1.405
1.387
1.420
1.358
1.392
1.385
1.382
1.386
1.399
1.425
1.378
1.406
1.393
1.409
1.450
1.403
1.382
1.385
1.411
1.411
1.420
1.401
1.402
1.353
1.412
1.381
1.370
1.372
1.352
1.406
1.346
1.395
1.398
1.391
1.398
1.366
1.384
1.341
1.371
1.386
1.374
1.342
1.360
1.338
1.351
1.356
1.352
1.370
1.390
1.379
1.374
1.400
1.400
1.400
1.396
1.401
1.415
1.395
1.352
1.364
1.357
1.385
1.393
1.364
1.415
1.401
1.393
1.426
1.379
1.411
1.417
1.406
1.377
1.429
1.422
1.405
1.396
1.383
1.404
1.393
1.419
1.413
1.401
1.402
1.413
1.380
1.403
1.394
1.408
1.379
1.343
1.381
1.393
1.395
1.359
1.369
1.407
1.375
1.410
1.374
1.378
1.402
1.372
1.436
1.364
1.354
1.380
1.405
1.338
1.335
1.409
1.372
1.382
1.375
1.365
1.359
1.367
1.398
1.406
1.427
1.440
1.369
1.373
1.374
1.385
1.336
1.382
1.324
1.356
1.411
1.369
1.359
1.406
1.384
1.359
1.396
1.405
1.397
1.372
1.380
1.412
1.399
1.383
1.371
1.413
1.369
1.386
1.435
1.323
1.357
1.397
1.380
1.369
1.341
1.373
1.353
1.387
1.363
1.364
1.369
1.376
1.370
1.378
1.394
1.353
1.388
1.392
1.344
1.372
1.369
1.380
1.369
1.344
1.337
1.376
1.361
1.344
1.369
1.396
1.383
1.333
1.372
1.379
1.359
1.377
1.376
1.357
1.371
1.372
1.359
1.379
1.360
1.404
1.394
1.324
1.361
1.394
1.376
1.404
1.410
1.353
1.403
1.370
1.353
1.388
1.382
1.374
1.385
1.371
1.404
1.378
1.392
1.399
1.379
1.344
1.388
1.384
1.374
1.399
1.389
1.368
1.360
1.388
1.341
1.378
1.380
1.396
1.363
1.387
1.388
1.398
1.398
1.409
1.355
1.378
1.308
1.374
1.371
1.392
1.351
1.363
1.364
1.372
1.338
1.349
1.375
1.364
1.376
1.378
1.339
1.365
1.402
1.313
1.360
1.387
1.351
1.389
1.367
1.396
1.376
1.412
1.389
1.355
1.377
1.370
1.337
1.394
1.383
1.397
1.395
1.412
1.404
1.386
1.430
1.344
1.409
1.357
1.402
1.370
1.368
1.402
1.366
1.424
1.390
1.390
1.376
1.353
1.402
1.408
1.360
1.352
1.343
1.374
1.356
1.406
1.368
1.376
1.330
1.391
1.355
1.368
1.387
1.385
1.354
1.388
1.432
1.383
1.370
1.374
1.396
1.381
1.350
1.336
1.362
1.344
1.333
1.360
1.329
1.369
1.352
1.380
1.351
1.310
1.383
1.405
1.391
1.373
1.381
1.348
1.315
1.336
1.404
1.364
1.366
1.373
1.400
1.373
1.357
1.412
1.395
1.412
1.432
1.418
1.434
1.414
1.383
1.397
1.360
1.420
1.352
1.414
1.427
1.448
1.366
1.370
1.428
1.386
1.379
1.388
1.382
1.412
1.386
1.428
1.396
1.400
1.385
1.395
1.400
1.417
1.405
1.434
1.425
1.388
1.408
1.420
1.411
1.392
1.401
1.352
1.380
1.383
1.375
1.369
1.344
1.370
1.386
1.424
1.394
1.389
1.360
1.373
1.373
1.387
1.403
1.386
1.407
1.402
1.424
1.360
1.439
1.409
1.339
1.376
1.392
1.427
1.386
1.342
1.356
1.371
1.391
1.369
1.419
1.412
1.358
1.400
1.398
1.371
1.396
1.348
1.414
1.420
1.393
1.407
1.407
1.396
1.407
1.363
1.396
1.412
1.401
1.370
1.391
1.414
1.425
1.404
1.396
1.361
1.390
1.394
1.406
1.369
1.382
1.386
1.411
1.340
1.356
1.347
1.400
1.384
1.362
1.424
1.363
1.391
1.360
1.437
1.419
1.370
1.379
1.374
1.411
1.388
1.446
1.396
1.404
1.426
1.395
1.389
1.398
1.392
1.418
1.410
1.406
1.400
1.391
1.369
1.398
1.399
1.371
1.391
1.407
1.433
1.415
1.422
1.410
1.403
1.383
1.399
1.372
1.406
1.396
1.418
1.390
1.423
1.436
1.395
1.404
1.436
1.410
1.390
1.408
1.398
1.382
1.413
1.377
1.414
1.411
1.390
1.408
1.379
1.421
1.432
1.413
1.440
1.435
1.429
1.449
1.399
1.400
1.440
1.405
1.415
1.400
1.400
1.361
1.402
1.434
1.376
1.356
1.396
1.384
1.422
1.416
1.416
1.414
1.401
1.424
1.390
1.369
1.403
1.436
1.417
1.371
1.367
1.405
1.402
1.392
1.393
1.395
1.385
1.414
1.393
1.437
1.374
1.402
1.413
1.409
1.397
1.357
1.451
1.415
1.418
1.389
1.424
1.427
1.370
1.415
1.400
1.368
1.415
1.397
1.371
1.426
1.414
1.385
1.393
1.389
1.370
1.433
1.433
1.381
1.390
1.407
1.332
1.354
1.334
1.381
1.302
1.401
1.358
1.323
1.374
1.353
1.333
1.341
1.323
1.332
1.325
1.321
1.347
1.330
1.321
1.328
1.329
1.343
1.347
1.366
1.332
1.360
1.340
1.358
1.342
1.355
1.310
1.361
1.372
1.317
1.352
1.354
1.376
1.345
1.326
1.398
1.325
1.324
1.335
1.401
1.325
1.325
1.376
1.389
1.361
1.354
1.345
1.328
1.331
1.385
1.331
1.357
1.335
1.345
1.334
1.344
1.327
1.354
1.357
1.328
1.379
1.329
1.359
1.336
1.314
1.314
1.320
1.378
1.317
1.302
1.332
1.338
1.342
1.307
1.312
1.354
1.307
1.319
1.305
1.302
1.303
1.334
1.329
1.323
1.329
1.309
1.303
1.336
1.345
1.366
1.292
1.344
1.321
1.310
1.335
1.344
1.342
1.313
1.322
1.312
1.332
1.305
1.298
1.343
1.327
1.328
1.318
1.349
1.348
1.328
1.331
1.320
1.307
1.322
1.350
1.370
1.350
1.330
1.363
1.333
1.293
1.316
1.343
1.314
1.296
1.307
1.309
1.335
1.366
1.324
1.301
1.310
1.318
1.364
1.359
1.328
1.316
1.305
1.344
1.321
1.295
1.312
1.330
1.328
1.284
1.347
1.321
1.269
1.290
1.312
1.295
1.327
1.305
1.326
1.344
1.367
1.329
1.347
1.364
1.359
1.328
1.315
1.337
1.342
1.340
1.323
1.338
1.317
1.305
1.341
1.344
1.334
1.382
1.315
1.334
1.345
1.357
1.337
1.392
1.317
1.321
1.351
1.345
1.293
1.308
1.318
1.366
1.345
1.365
1.358
1.323
1.323
1.344
1.335
1.351
1.340
1.332
1.308
1.325
1.318
1.344
1.323
1.322
1.331
1.316
1.288
1.328
1.337
1.334
1.362
1.321
1.344
1.309
1.331
1.320
1.356
1.382
1.294
1.329
1.328
1.337
1.333
1.328
1.297
1.324
1.305
1.359
1.319
1.312
1.347
1.361
1.321
1.325
1.338
1.347
1.370
1.307
1.307
1.359
1.353
1.359
1.361
1.344
1.332
1.334
1.344
1.344
1.366
1.332
1.326
1.323
1.342
1.339
1.333
1.310
1.341
1.366
1.305
1.322
1.337
1.368
1.369
1.338
1.385
1.341
1.330
1.304
1.326
1.302
1.306
1.313
1.329
1.347
1.370
1.328
1.349
1.341
1.316
1.381
1.351
1.331
1.362
1.346
1.380
1.346
1.334
1.353
1.328
1.367
1.351
1.344
1.327
1.368
1.358
1.348
1.361
1.353
1.358
1.391
1.371
1.369
1.340
1.352
1.385
1.317
1.404
1.333
1.368
1.367
1.347
1.363
1.348
1.313
1.353
1.328
1.330
1.303
1.329
1.361
1.358
1.371
1.364
1.384
1.357
1.359
1.366
1.365
1.324
1.335
1.357
1.361
1.335
1.374
1.341
1.357
1.347
1.352
1.353
1.348
1.343
1.352
1.384
1.351
1.359
1.331
1.355
1.315
1.314
1.363
1.328
1.324
1.332
1.330
1.367
1.339
1.376
1.359
1.345
1.331
1.338
1.338
1.332
1.394
1.341
1.368
1.326
1.310
1.313
1.335
1.329
1.344
1.307
1.320
1.328
1.344
1.355
1.374
1.332
1.341
1.327
1.316
1.384
1.308
1.325
1.321
1.334
1.317
1.320
1.337
1.330
1.325
1.341
1.361
1.327
1.341
1.348
1.362
1.314
1.348
1.338
1.365
1.327
1.332
1.337
1.338
1.320
1.367
1.355
1.346
1.340
1.348
1.363
1.379
1.324
1.382
1.366
1.358
1.328
1.392
1.353
1.400
1.391
1.369
1.331
1.361
1.383
1.357
1.363
1.325
1.348
1.369
1.322
1.342
1.362
1.370
1.391
1.379
1.361
1.351
1.333
1.326
1.339
1.329
1.339
1.327
1.356
1.362
1.381
1.327
1.365
1.371
1.394
1.339
1.292
1.322
1.326
1.337
1.324
1.373
1.329
1.323
1.317
1.341
1.347
1.327
1.324
1.294
1.359
1.343
1.319
1.320
1.327
1.315
1.326
1.357
1.320
1.347
1.323
1.312
1.300
1.302
1.317
1.314
1.349
1.363
1.328
1.300
1.321
1.325
1.314
1.359
1.299
1.366
1.333
1.313
1.370
1.356
1.322
1.355
1.320
1.342
1.351
1.344
1.344
1.336
1.332
1.340
1.334
1.345
1.346
1.303
1.304
1.297
1.346
1.330
1.325
1.355
1.318
1.324
1.333
1.314
1.352
1.330
1.351
1.349
1.349
1.298
1.343
1.363
1.333
1.305
1.353
1.311
1.327
1.304
1.279
1.358
1.324
1.328
1.321
1.357
1.343
1.320
1.294
1.349
1.360
1.286
1.354
1.361
1.315
1.332
1.333
1.344
1.318
1.317
1.301
1.326
1.325
1.335
1.369
1.313
1.318
1.306
1.344
1.358
1.373
1.320
1.340
1.349
1.348
1.340
1.280
1.349
1.325
1.326
1.356
1.296
1.354
1.336
1.332
1.322
1.363
1.357
1.334
1.304
1.313
1.324
1.323
1.322
1.316
1.292
1.347
1.350
1.312
1.328
1.283
1.301
1.322
1.300
1.312
1.304
1.319
1.286
1.292
1.300
1.349
1.333
1.335
1.330
1.309
1.321
1.332
1.333
1.362
1.314
1.320
1.299
1.336
1.337
1.333
1.328
1.327
1.312
1.314
1.323
1.312
1.307
1.350
1.377
1.328
1.340
1.351
1.320
1.348
1.283
1.319
1.322
1.308
1.342
1.333
1.351
1.307
1.338
1.311
1.335
1.317
1.320
1.321
1.290
1.326
1.319
1.304
1.314
1.325
1.334
1.329
1.334
1.302
1.315
1.355
1.304
1.296
1.320
1.288
1.332
1.343
1.313
1.303
1.324
1.325
1.320
1.283
1.286
1.294
1.348
1.312
1.329
1.361
1.341
1.329
1.319
1.362
1.338
1.303
1.339
1.307
1.337
1.312
1.290
1.362
1.334
1.324
1.288
1.353
1.342
1.336
1.320
1.322
1.301
1.319
1.322
1.297
1.331
1.310
1.316
1.322
1.289
1.298
1.333
1.322
1.288
1.335
1.263
1.341
1.302
1.300
1.292
1.296
1.318
1.302
1.326
1.338
1.339
1.329
1.345
1.324
1.333
1.317
1.303
1.317
1.360
1.345
1.299
1.340
1.358
1.331
1.346
1.299
1.326
1.361
1.322
1.318
1.312
1.351
1.317
1.343
1.346
1.270
1.341
1.277
1.317
1.339
1.337
1.367
1.341
1.327
1.365
1.379
1.343
1.365
1.334
1.319
1.346
1.358
1.358
1.297
1.339
1.317
1.365
1.325
1.335
1.347
1.334
1.331
1.324
1.309
1.305
1.319
1.332
1.350
1.359
1.344
1.330
1.338
1.318
1.385
1.334
1.361
1.299
1.335
1.401
1.324
1.345
1.354
1.379
1.338
1.342
1.330
1.344
1.343
1.342
1.364
1.376
1.339
1.298
1.374
1.293
1.326
1.322
1.340
1.262
1.324
1.333
1.358
1.352
1.303
1.330
1.332
1.359
1.335
1.375
1.332
1.354
1.368
1.310
1.364
1.384
1.283
1.334
1.336
1.364
1.358
1.334
1.339
1.327
1.302
1.340
1.322
1.350
1.340
1.308
1.354
1.338
1.327
1.326
1.352
1.357
1.364
1.348
1.320
1.328
1.312
1.351
1.285
1.335
1.358
1.323
1.304
1.303
1.300
1.310
1.310
1.308
1.328
1.377
1.332
1.325
1.299
1.311
1.324
1.326
1.339
1.326
1.343
1.355
1.315
1.339
1.349
1.319
1.345
1.359
1.357
1.333
1.353
1.353
1.364
1.332
1.301
1.332
1.341
1.349
1.336
1.333
1.300
1.323
1.312
1.315
1.319
1.339
1.315
1.338
1.330
1.326
1.317
1.309
1.331
1.300
1.297
1.279
1.346
1.363
1.356
1.320
1.335
1.353
1.323
1.317
1.305
1.354
1.335
1.356
1.360
1.367
1.304
1.363
1.333
1.316
1.266
1.351
1.353
1.331
1.354
1.316
1.351
1.343
1.336
1.333
1.362
1.341
1.316
1.304
1.373
1.369
1.313
1.320
1.340
1.372
1.354
1.383
1.325
1.352
1.311
1.325
1.345
1.344
1.377
1.357
1.320
1.357
1.360
1.344
1.354
1.355
1.335
1.299
1.346
1.392
1.326
1.340
1.345
1.342
1.286
1.355
1.322
1.320
1.313
1.343
1.359
1.294
1.354
1.326
1.320
1.312
1.361
1.322
1.327
1.300
1.345
1.359
1.345
1.321
1.286
1.355
1.307
1.325
1.373
1.342
1.439
1.416
1.389
1.423
1.439
1.379
1.427
1.430
1.408
1.404
1.374
1.427
1.398
1.417
1.421
1.415
1.417
1.426
1.443
1.439
1.415
1.379
1.414
1.448
1.407
1.415
1.427
1.389
1.434
1.415
1.422
1.393
1.390
1.393
1.404
1.432
1.384
1.414
1.427
1.445
1.458
1.400
1.433
1.423
1.441
1.429
1.417
1.428
1.451
1.457
1.430
1.423
1.404
1.480
1.439
1.435
1.418
1.449
1.437
1.372
1.422
1.425
1.408
1.405
1.406
1.393
1.457
1.446
1.436
1.428
1.404
1.430
1.447
1.467
1.455
1.457
1.469
1.422
1.413
1.424
1.451
1.453
1.408
1.399
1.414
1.426
1.401
1.402
1.417
1.420
1.409
1.407
1.421
1.406
1.428
1.433
1.403
1.427
1.410
1.404
1.413
1.438
1.429
1.416
1.432
1.438
1.455
1.426
1.396
1.416
1.417
1.418
1.410
1.414
1.443
1.417
1.411
1.409
1.399
1.349
1.425
1.397
1.409
1.388
1.412
1.438
1.422
1.427
1.436
1.413
1.408
1.378
1.409
1.421
1.450
1.444
1.439
1.435
1.440
1.421
1.405
1.460
1.379
1.441
1.387
1.428
1.415
1.433
1.391
1.453
1.430
1.426
1.430
1.426
1.420
1.421
1.447
1.426
1.434
1.434
1.384
1.417
1.388
1.443
1.435
1.379
1.394
1.436
1.422
1.399
1.416
1.400
1.386
1.434
1.400
1.414
1.422
1.401
1.441
1.414
1.435
1.409
1.428
1.437
1.423
1.404
1.383
1.383
1.425
1.381
1.449
1.398
1.415
1.424
1.378
1.387
1.430
1.401
1.413
1.390
1.424
1.386
1.429
1.373
1.391
1.368
1.408
1.424
1.411
1.412
1.373
1.393
1.377
1.384
1.418
1.401
1.358
1.405
1.399
1.397
1.358
1.411
1.353
1.405
1.401
1.353
1.400
1.406
1.388
1.420
1.422
1.387
1.384
1.369
1.370
1.396
1.392
1.390
1.418
1.395
1.377
1.397
1.383
1.419
1.367
1.359
1.364
1.405
1.378
1.366
1.416
1.423
1.410
1.394
1.395
1.398
1.380
1.378
1.422
1.424
1.409
1.382
1.411
1.416
1.414
1.402
1.408
1.439
1.372
1.366
1.390
1.379
1.410
1.384
1.396
1.403
1.399
1.411
1.416
1.404
1.382
1.441
1.428
1.412
1.357
1.376
1.393
1.412
1.416
1.421
1.396
1.428
1.410
1.370
1.359
1.388
1.386
1.410
1.376
1.357
1.437
1.437
1.394
1.402
1.393
1.410
1.387
1.398
1.429
1.420
1.419
1.439
1.412
1.428
1.444
1.412
1.424
1.391
1.355
1.452
1.433
1.409
1.423
1.407
1.392
1.390
1.370
1.427
1.386
1.406
1.395
1.397
1.416
1.393
1.394
1.434
1.403
1.423
1.429
1.387
1.396
1.380
1.382
1.372
1.352
1.378
1.431
1.381
1.413
1.371
1.398
1.376
1.384
1.420
1.441
1.419
1.419
1.425
1.428
1.388
1.415
1.358
1.419
1.397
1.417
1.394
1.367
1.382
1.423
1.416
1.416
1.381
1.390
1.379
1.446
1.391
1.379
1.328
1.365
1.417
1.420
1.364
1.368
1.397
1.382
1.393
1.418
1.398
1.398
1.424
1.402
1.382
1.404
1.395
1.388
1.377
1.395
1.372
1.431
1.427
1.390
1.420
1.430
1.422
1.382
1.438
1.431
1.407
1.430
1.350
1.379
1.398
1.392
1.380
1.325
1.378
1.340
1.383
1.416
1.388
1.413
1.415
1.366
1.384
1.392
1.373
1.392
1.393
1.422
1.391
1.378
1.413
1.417
1.393
1.422
1.402
1.436
1.415
1.393
1.436
1.370
1.395
1.417
1.423
1.411
1.390
1.370
1.423
1.347
1.376
1.341
1.345
1.372
1.380
1.404
1.375
1.415
1.398
1.386
1.368
1.330
1.366
1.364
1.332
1.366
1.404
1.384
1.358
1.382
1.391
1.390
1.349
1.396
1.324
1.382
1.390
1.383
1.415
1.371
1.364
1.396
1.369
1.374
1.382
1.365
1.370
1.366
1.340
1.345
1.351
1.373
1.357
1.340
1.366
1.345
1.358
1.399
1.368
1.371
1.363
1.363
1.359
1.372
1.368
1.411
1.340
1.394
1.400
1.406
1.373
1.383
1.403
1.381
1.343
1.380
1.395
1.326
1.382
1.361
1.411
1.376
1.417
1.395
1.396
1.374
1.377
1.385
1.409
1.355
1.393
1.392
1.365
1.406
1.382
1.423
1.385
1.407
1.365
1.385
1.376
1.383
1.421
1.392
1.375
1.359
1.374
1.376
1.388
1.383
1.433
1.337
1.418
1.383
1.413
1.366
1.353
1.385
1.352
1.402
1.410
1.384
1.392
1.399
1.384
1.397
1.347
1.373
1.380
1.404
1.387
1.374
1.393
1.366
1.406
1.378
1.405
1.403
1.408
1.369
1.376
1.416
1.381
1.387
1.382
1.395
1.387
1.379
1.400
1.378
1.395
1.386
1.374
1.374
1.357
1.357
1.387
1.382
1.377
1.377
1.357
1.417
1.370
1.393
1.393
1.433
1.360
1.394
1.383
1.389
1.397
1.368
1.353
1.396
1.345
1.383
1.338
1.393
1.388
1.397
1.377
1.357
1.377
1.384
1.369
1.331
1.356
1.340
1.344
1.335
1.368
1.388
1.363
1.382
1.374
1.406
1.381
1.364
1.363
1.355
1.388
1.414
1.446
1.382
1.396
1.421
1.376
1.390
1.341
1.395
1.382
1.375
1.363
1.379
1.365
1.356
1.401
1.381
1.359
1.394
1.402
1.379
1.337
1.369
1.371
1.383
1.374
1.365
1.359
1.383
1.388
1.327
1.403
1.357
1.377
1.357
1.362
1.331
1.316
1.330
1.377
1.344
1.337
1.352
1.368
1.364
1.361
1.390
1.386
1.384
1.394
1.399
1.349
1.372
1.347
1.330
1.408
1.412
1.382
1.365
1.368
1.364
1.381
1.408
1.367
1.376
1.373
1.395
1.348
1.379
1.367
1.366
1.387
1.412
1.382
1.360
1.354
1.326
1.378
1.341
1.353
1.375
1.360
1.341
1.377
1.367
1.380
1.364
1.415
1.363
1.403
1.376
1.340
1.369
1.372
1.325
1.404
1.357
1.368
1.374
1.386
1.360
1.358
1.353
1.388
1.378
1.370
1.352
1.402
1.391
1.416
1.394
1.372
1.414
1.376
1.378
1.379
1.381
1.392
1.384
1.348
1.405
1.375
1.380
1.413
1.388
1.407
1.409
1.366
1.384
1.391
1.319
1.365
1.377
1.414
1.377
1.356
1.385
1.380
1.399
1.382
1.407
1.360
1.405
1.348
1.403
1.361
1.397
1.389
1.371
1.374
1.357
1.396
1.356
1.400
1.417
1.404
1.393
1.382
1.413
1.392
1.361
1.422
1.383
1.375
1.429
1.382
1.395
1.398
1.399
1.394
1.404
1.364
1.389
1.399
1.409
1.366
1.390
1.397
1.404
1.413
1.409
1.408
1.366
1.421
1.412
1.399
1.386
1.375
1.406
1.411
1.421
1.379
1.405
1.383
1.412
1.378
1.436
1.417
1.404
1.406
1.373
1.395
1.370
1.409
1.412
1.370
1.425
1.390
1.388
1.399
1.412
1.394
1.356
1.365
1.359
1.367
1.385
1.432
1.398
1.394
1.413
1.419
1.393
1.399
1.423
1.359
1.387
1.399
1.401
1.374
1.401
1.393
1.400
1.379
1.410
1.415
1.364
1.393
1.375
1.397
1.411
1.385
1.401
1.387
1.378
1.417
1.390
1.432
1.410
1.358
1.394
1.393
1.396
1.386
1.370
1.391
1.343
1.400
1.354
1.420
1.386
1.376
1.435
1.408
1.431
1.417
1.407
1.395
1.436
1.418
1.372
1.387
1.386
1.404
1.368
1.400
1.367
1.398
1.399
1.385
1.354
1.388
1.406
1.416
1.389
1.373
1.368
1.392
1.431
1.424
1.357
1.406
1.413
1.406
1.409
1.366
1.368
1.362
1.383
1.370
1.372
1.390
1.370
1.373
1.424
1.360
1.405
1.388
1.354
1.375
1.387
1.359
1.361
1.394
1.355
1.414
1.399
1.373
1.373
1.408
1.390
1.392
1.404
1.404
1.392
1.397
1.381
1.379
1.392
1.396
1.356
1.378
1.368
1.378
1.383
1.369
1.357
1.368
1.345
1.366
1.400
1.366
1.389
1.400
1.409
1.376
1.353
1.379
1.358
1.388
1.386
1.406
1.397
1.379
1.395
1.367
1.403
1.402
1.399
1.337
1.422